 
--> A=[ 397/400	609*3^0.5/10000	609/10000
  >         0	            1/2	 -3^0.5/2
  > -609/5000	  397*3^0.5/800	  397/800]
 A  = 

   0.9925   0.1054819   0.0609   
   0.       0.5        -0.8660254
  -0.1218   0.8595302   0.49625  


--> B=[ .2588	0	.9659
  >      0	1	    0
  > -.9659	0	.2588]
 B  = 

   0.2588   0.   0.9659
   0.       1.   0.    
  -0.9659   0.   0.2588


--> C=A*B
 C  = 

   0.1980357   0.1054819   0.9744167
   0.8364939   0.5        -0.2241274
  -0.5108497   0.8595302   0.0107829
