--> g1=45
 g1  = 

   45.
--> g2=35
 g2  = 
   35.
--> g3=15
 g3  = 
   15.
--> r1=g1*%pi/180
 r1  = 
   0.7853982
--> r2=g2*%pi/180
 r2  = 
   0.6108652
--> r3=g3*%pi/180
 r3  = 
   0.2617994
--> z1=[cos(r1) -sin(r1) 0;sin(r1) cos(r1) 0;0 0 1]
 z1  = 
   0.7071068  -0.7071068   0.
   0.7071068   0.7071068   0.
   0.          0.          1.
--> x=[1 0 0;0 cos(r2) -sin(r2);0 sin(r2) cos(r2)]
 x  = 
   1.   0.          0.       
   0.   0.819152   -0.5735764
   0.   0.5735764   0.819152 
--> z1x=z1*x
 z1x  = 
   0.7071068  -0.579228    0.4055798
   0.7071068   0.579228   -0.4055798
   0.          0.5735764   0.819152 
z2=[cos(r3) -sin(r3) 0;sin(r3) cos(r3) 0;0 0 1]
 z2  = 
   0.9659258  -0.258819    0.
   0.258819    0.9659258   0.
   0.          0.          1.
z1xz2=z1x*z2
 z1xz2  = 
   0.5330975  -0.742504    0.4055798
   0.8329279   0.3764785  -0.4055798
   0.1484525   0.5540323   0.819152 
